2 0.5420673076923077 0.3245192307692308 0.007211538461538462 0.025240384615384616
0 0.42908653846153844 0.3581730769230769 0.06370192307692307 0.06009615384615385
0 0.6947115384615384 0.36658653846153844 0.026442307692307692 0.06370192307692307
2 0.6983173076923077 0.45913461538461536 0.008413461538461538 0.03485576923076923
2 0.6646634615384616 0.5012019230769231 0.009615384615384616 0.038461538461538464
2 0.6213942307692307 0.5120192307692307 0.010817307692307692 0.042067307692307696
2 0.6310096153846154 0.5288461538461539 0.010817307692307692 0.037259615384615384
2 0.6454326923076923 0.5588942307692307 0.010817307692307692 0.046875
2 0.5985576923076923 0.5829326923076923 0.013221153846153846 0.051682692307692304
2 0.5576923076923077 0.5841346153846154 0.014423076923076924 0.04326923076923077
2 0.5132211538461539 0.6141826923076923 0.019230769230769232 0.05889423076923077
2 0.4807692307692308 0.8149038461538461 0.025240384615384616 0.08413461538461539
2 0.3870192307692308 0.8521634615384616 0.03245192307692308 0.0733173076923077
2 0.33413461538461536 0.96875 0.037259615384615384 0.06009615384615385