1 0.6670673076923077 0.38221153846153844 0.019230769230769232 0.030048076923076924
1 0.6298076923076923 0.4026442307692308 0.021634615384615384 0.037259615384615384
0 0.6850961538461539 0.4026442307692308 0.027644230769230768 0.07932692307692307
1 0.6502403846153846 0.41225961538461536 0.021634615384615384 0.042067307692307696
2 0.36778846153846156 0.4206730769230769 0.009615384615384616 0.03485576923076923
1 0.6045673076923077 0.44591346153846156 0.02403846153846154 0.042067307692307696
1 0.6634615384615384 0.46033653846153844 0.02283653846153846 0.04807692307692308
1 0.6225961538461539 0.4879807692307692 0.027644230769230768 0.05048076923076923
1 0.5997596153846154 0.5408653846153846 0.03245192307692308 0.054086538461538464
1 0.5420673076923077 0.5540865384615384 0.039663461538461536 0.06370192307692307
2 0.6430288461538461 0.609375 0.014423076923076924 0.056490384615384616
1 0.5961538461538461 0.6237980769230769 0.04326923076923077 0.078125
1 0.5240384615384616 0.6634615384615384 0.05048076923076923 0.08173076923076923
1 0.4675480769230769 0.7367788461538461 0.0625 0.09014423076923077
1 0.24759615384615385 0.8774038461538461 0.09254807692307693 0.125
1 0.3076923076923077 0.9098557692307693 0.0889423076923077 0.11658653846153846
1 0.421875 0.9170673076923077 0.09134615384615384 0.140625