2 0.5552884615384616 0.31971153846153844 0.007211538461538462 0.019230769230769232
2 0.5 0.35216346153846156 0.007211538461538462 0.026442307692307692
0 0.6995192307692307 0.3605769230769231 0.027644230769230768 0.0625
0 0.39903846153846156 0.3737980769230769 0.06850961538461539 0.06850961538461539
2 0.7115384615384616 0.42788461538461536 0.009615384615384616 0.030048076923076924
2 0.6850961538461539 0.4375 0.009615384615384616 0.030048076923076924
2 0.6550480769230769 0.44350961538461536 0.008413461538461538 0.03365384615384615
2 0.6586538461538461 0.453125 0.006009615384615385 0.03365384615384615
2 0.6117788461538461 0.4567307692307692 0.009615384615384616 0.03485576923076923
2 0.6838942307692307 0.46634615384615385 0.009615384615384616 0.03365384615384615
2 0.6310096153846154 0.47115384615384615 0.010817307692307692 0.036057692307692304
2 0.6586538461538461 0.4831730769230769 0.007211538461538462 0.036057692307692304
2 0.2403846153846154 0.5528846153846154 0.015625 0.027644230769230768
2 0.5997596153846154 0.5841346153846154 0.014423076923076924 0.04807692307692308
2 0.6274038461538461 0.5877403846153846 0.013221153846153846 0.051682692307692304
2 0.5721153846153846 0.6069711538461539 0.013221153846153846 0.05889423076923077