1 0.5336538461538461 0.3269230769230769 0.021634615384615384 0.025240384615384616
0 0.46153846153846156 0.34134615384615385 0.05889423076923077 0.06129807692307692
1 0.5252403846153846 0.3473557692307692 0.025240384615384616 0.027644230769230768
1 0.4855769230769231 0.3581730769230769 0.02283653846153846 0.02403846153846154
1 0.6574519230769231 0.36538461538461536 0.015625 0.028846153846153848
1 0.6706730769230769 0.37259615384615385 0.014423076923076924 0.03245192307692308
1 0.41225961538461536 0.37740384615384615 0.030048076923076924 0.027644230769230768
0 0.6899038461538461 0.3870192307692308 0.027644230769230768 0.07932692307692307
1 0.4326923076923077 0.3870192307692308 0.027644230769230768 0.025240384615384616
1 0.6141826923076923 0.3918269230769231 0.021634615384615384 0.03365384615384615
1 0.41225961538461536 0.41466346153846156 0.028846153846153848 0.028846153846153848
1 0.36899038461538464 0.4254807692307692 0.03485576923076923 0.03365384615384615
1 0.6225961538461539 0.43028846153846156 0.026442307692307692 0.046875
1 0.30649038461538464 0.46033653846153844 0.040865384615384616 0.040865384615384616
1 0.35096153846153844 0.4651442307692308 0.038461538461538464 0.04326923076923077
1 0.5673076923076923 0.47475961538461536 0.030048076923076924 0.04447115384615385
1 0.6274038461538461 0.484375 0.02283653846153846 0.052884615384615384
1 0.23197115384615385 0.5012019230769231 0.040865384615384616 0.036057692307692304
1 0.2704326923076923 0.5036057692307693 0.04447115384615385 0.04567307692307692
2 0.6838942307692307 0.5096153846153846 0.010817307692307692 0.042067307692307696
1 0.5540865384615384 0.5480769230769231 0.036057692307692304 0.054086538461538464
1 0.1502403846153846 0.5540865384615384 0.04326923076923077 0.046875
1 0.5949519230769231 0.5552884615384616 0.03245192307692308 0.06009615384615385
2 0.6213942307692307 0.5961538461538461 0.013221153846153846 0.055288461538461536
2 0.5540865384615384 0.6237980769230769 0.015625 0.06009615384615385
2 0.5721153846153846 0.6526442307692307 0.014423076923076924 0.0625
2 0.5396634615384616 0.7211538461538461 0.02403846153846154 0.06370192307692307
2 0.46634615384615385 0.7560096153846154 0.02403846153846154 0.07932692307692307
2 0.3581730769230769 0.8317307692307693 0.030048076923076924 0.0829326923076923