1 0.5276442307692307 0.33533653846153844 0.020432692307692308 0.02403846153846154
1 0.49399038461538464 0.35336538461538464 0.025240384615384616 0.018028846153846152
1 0.4951923076923077 0.3629807692307692 0.028846153846153848 0.026442307692307692
1 0.6454326923076923 0.38221153846153844 0.015625 0.036057692307692304
1 0.41947115384615385 0.3918269230769231 0.025240384615384616 0.028846153846153848
1 0.6814903846153846 0.41466346153846156 0.018028846153846152 0.03485576923076923
1 0.6262019230769231 0.4254807692307692 0.020432692307692308 0.040865384615384616
1 0.44471153846153844 0.42788461538461536 0.037259615384615384 0.036057692307692304
1 0.6526442307692307 0.42908653846153844 0.021634615384615384 0.038461538461538464
1 0.6742788461538461 0.4543269230769231 0.021634615384615384 0.04326923076923077
1 0.6177884615384616 0.4891826923076923 0.03245192307692308 0.05048076923076923
1 0.5564903846153846 0.5444711538461539 0.036057692307692304 0.055288461538461536
0 0.6225961538461539 0.5552884615384616 0.06850961538461539 0.14903846153846154
1 0.5576923076923077 0.6057692307692307 0.039663461538461536 0.07211538461538461
1 0.4387019230769231 0.6538461538461539 0.06610576923076923 0.09014423076923077
2 0.5168269230769231 0.8545673076923077 0.021634615384615384 0.07451923076923077
1 0.2800480769230769 0.8557692307692307 0.0985576923076923 0.1346153846153846