1 0.4831730769230769 0.3581730769230769 0.02283653846153846 0.028846153846153848
1 0.6802884615384616 0.4182692307692308 0.021634615384615384 0.03365384615384615
1 0.6237980769230769 0.4182692307692308 0.021634615384615384 0.03485576923076923
1 0.6514423076923077 0.421875 0.021634615384615384 0.03485576923076923
1 0.6610576923076923 0.46634615384615385 0.02403846153846154 0.04326923076923077
1 0.5913461538461539 0.4879807692307692 0.028846153846153848 0.04807692307692308
1 0.6165865384615384 0.5036057692307693 0.027644230769230768 0.054086538461538464
1 0.6466346153846154 0.5252403846153846 0.030048076923076924 0.055288461538461536
1 0.5661057692307693 0.5769230769230769 0.040865384615384616 0.06490384615384616
1 0.44591346153846156 0.6923076923076923 0.06850961538461539 0.09254807692307693
0 0.5456730769230769 0.6983173076923077 0.12620192307692307 0.24639423076923078
1 0.04447115384615385 0.7223557692307693 0.06490384615384616 0.08774038461538461
1 0.38822115384615385 0.828125 0.08533653846153846 0.1310096153846154