1 0.6478365384615384 0.41586538461538464 0.020432692307692308 0.040865384615384616
0 0.6694711538461539 0.44711538461538464 0.040865384615384616 0.1045673076923077
1 0.6021634615384616 0.4483173076923077 0.02283653846153846 0.05048076923076923
1 0.6237980769230769 0.47115384615384615 0.027644230769230768 0.04807692307692308
1 0.5600961538461539 0.5276442307692307 0.03485576923076923 0.055288461538461536
1 0.6382211538461539 0.5384615384615384 0.03245192307692308 0.06129807692307692
1 0.578125 0.578125 0.037259615384615384 0.06850961538461539
1 0.5372596153846154 0.6490384615384616 0.04567307692307692 0.07932692307692307
1 0.41346153846153844 0.7067307692307693 0.06971153846153846 0.10096153846153846
1 0.5024038461538461 0.7848557692307693 0.07211538461538461 0.11658653846153846
1 0.42788461538461536 0.7884615384615384 0.07692307692307693 0.0985576923076923
2 0.5108173076923077 0.8497596153846154 0.025240384615384616 0.06850961538461539
1 0.3137019230769231 0.9254807692307693 0.09375 0.13581730769230768