1 0.6766826923076923 0.32211538461538464 0.014423076923076924 0.02403846153846154
1 0.6165865384615384 0.32211538461538464 0.016826923076923076 0.019230769230769232
1 0.6286057692307693 0.3293269230769231 0.020432692307692308 0.020432692307692308
1 0.6418269230769231 0.3329326923076923 0.016826923076923076 0.021634615384615384
2 0.41225961538461536 0.39783653846153844 0.01201923076923077 0.03485576923076923
3 0.6310096153846154 0.5396634615384616 0.037259615384615384 0.10697115384615384
1 0.5204326923076923 0.6370192307692307 0.056490384615384616 0.07211538461538461
0 0.5576923076923077 0.6730769230769231 0.12139423076923077 0.22115384615384615
1 0.38461538461538464 0.7199519230769231 0.0733173076923077 0.1141826923076923
1 0.43990384615384615 0.7475961538461539 0.08173076923076923 0.1141826923076923
1 0.32572115384615385 0.8978365384615384 0.09254807692307693 0.12379807692307693
1 0.39903846153846156 0.9074519230769231 0.09375 0.1502403846153846