2 0.6911057692307693 0.6586538461538461 0.019230769230769232 0.06129807692307692
2 0.7295673076923077 0.6730769230769231 0.02283653846153846 0.055288461538461536
1 0.49158653846153844 0.7271634615384616 0.0673076923076923 0.09375
1 0.5625 0.7487980769230769 0.07211538461538461 0.10096153846153846
1 0.7487980769230769 0.7608173076923077 0.06971153846153846 0.09254807692307693
1 0.3918269230769231 0.7896634615384616 0.06129807692307692 0.09375
1 0.6322115384615384 0.828125 0.07451923076923077 0.1045673076923077
2 0.9170673076923077 0.8317307692307693 0.02403846153846154 0.05889423076923077
1 0.5757211538461539 0.8389423076923077 0.0625 0.1045673076923077
1 0.5108173076923077 0.8930288461538461 0.06610576923076923 0.11298076923076923
1 0.32572115384615385 0.9122596153846154 0.056490384615384616 0.109375
1 0.7175480769230769 0.9242788461538461 0.06971153846153846 0.0985576923076923
1 0.6923076923076923 0.9567307692307693 0.08653846153846154 0.0829326923076923
2 0.8076923076923077 0.9615384615384616 0.028846153846153848 0.07451923076923077
1 0.44471153846153844 0.9651442307692307 0.07451923076923077 0.06610576923076923