1 0.5108173076923077 0.5576923076923077 0.04927884615384615 0.0625
1 0.6610576923076923 0.5709134615384616 0.055288461538461536 0.055288461538461536
2 0.5805288461538461 0.578125 0.015625 0.04567307692307692
1 0.45913461538461536 0.6105769230769231 0.04447115384615385 0.06129807692307692
3 0.31850961538461536 0.6177884615384616 0.042067307692307696 0.0829326923076923
2 0.6538461538461539 0.6394230769230769 0.018028846153846152 0.055288461538461536
1 0.44591346153846156 0.6598557692307693 0.04326923076923077 0.06971153846153846
2 0.7560096153846154 0.6622596153846154 0.021634615384615384 0.04326923076923077
1 0.5060096153846154 0.671875 0.051682692307692304 0.08653846153846154
3 0.30649038461538464 0.6802884615384616 0.040865384615384616 0.07692307692307693
1 0.39302884615384615 0.6983173076923077 0.055288461538461536 0.0889423076923077
2 0.7548076923076923 0.7019230769230769 0.020432692307692308 0.04326923076923077
1 0.49038461538461536 0.7259615384615384 0.06009615384615385 0.09014423076923077
1 0.5588942307692307 0.7439903846153846 0.0625 0.09254807692307693
2 0.8245192307692307 0.7487980769230769 0.025240384615384616 0.05048076923076923
0 0.2860576923076923 0.7644230769230769 0.09014423076923077 0.21514423076923078
2 0.6670673076923077 0.8052884615384616 0.028846153846153848 0.0625
1 0.6358173076923077 0.8293269230769231 0.0733173076923077 0.10096153846153846
1 0.5769230769230769 0.8365384615384616 0.06009615384615385 0.09495192307692307
1 0.9230769230769231 0.8798076923076923 0.07211538461538461 0.09735576923076923
1 0.515625 0.9110576923076923 0.06971153846153846 0.11298076923076923
1 0.7151442307692307 0.9266826923076923 0.0733173076923077 0.1045673076923077
1 0.4110576923076923 0.9302884615384616 0.06490384615384616 0.10817307692307693
1 0.6850961538461539 0.9579326923076923 0.08052884615384616 0.08173076923076923